 -1.7114830457409866e+01
  1.7114830454335724e+01
 -9.7837409908438353e+00
 -9.7837409564489750e+00
 -1.9079403008158707e+01
  2.2144276437815296e+00
  8.6606875278943853e+00
 -1.8301598151732357e+01
 -2.2144276812595258e+00
  1.9079403039560958e+01
 -1.8301598138045499e+01
  8.6606875498417981e+00
 -2.4428876963276815e+00
 -1.6890094736385343e+01
  2.0189753805480979e+01
 -9.4333063457716513e+00
 -8.8029853266055920e+00
 -1.3995156017263406e+01
  2.1292333203874538e+01
 -1.0943603827405719e+01
  1.6311845386005297e+00
  1.4039384442712723e+01
 -2.6900369759965049e+01
  1.0978188534102108e+01
  1.5670568982475791e+01
 -1.4039384474869744e+01
  1.5922181205321175e+01
  1.0978188561825737e+01
 -2.2798141319486383e+01
  1.3995155985055566e+01
 -1.0348729374593320e+01
 -1.0943603804790701e+01
 -2.0550163339066195e+01
  1.0789724478606464e+01
 -8.6673887968358638e+00
 -1.4155086575314945e+01
  2.3080844679174412e+01
 -1.3068113865072528e+01
  7.8170212292947669e-02
  1.6105944187363214e+01
  9.9590689086143236e+00
 -1.9373037210072358e+01
  1.6097377780701912e+01
  5.9149580726832651e+00
 -1.5785860899170082e+01
  2.0156216988954892e+01
 -1.4318346958190263e+01
 -6.1540778093167665e+00
  1.3559301870305500e+00
 -1.5300078310964729e+01
  2.2361065372727090e+01
 -9.8123046018748266e+00
 -1.3974797105651957e+01
 -3.7322689446998605e+00
  1.2576342716771675e+01
 -2.0222526229607062e+01
  1.3276071314971183e+01
  4.2888996802589716e+00
 -1.6362243689800671e+01
  2.3238514577937309e+01
  4.2474598508968642e+00
  1.7389245456877383e+01
 -1.9896731631031532e+01
  6.8074784942291577e+00
  1.3973296080534743e+01
  5.8735924286356402e+00
 -1.9821240268740567e+01
  1.9821240240937421e+01
 -9.4139682184283568e+00
  1.9373037219979956e+01
 -2.2012335806913896e+01
  5.9149580663292172e+00
  1.9363207866256905e-08
  1.5621211166793673e+01
 -2.5125939115626501e+01
  1.2562969627044644e+01
  1.5070399210684046e+01
  9.3211648670548755e+00
 -1.2119992695083099e+01
  1.7629624734454605e+01
 -1.2086483880476088e+01
 -9.3920182720290413e+00
  1.7763633619929625e+01
 -1.7763633622685713e+01
 -9.7604389292684157e+00
 -1.0789724392010498e+01
  2.2822475379934691e+01
 -1.4155086613634699e+01
  1.5446204784601196e+01
  1.0851809853033179e+01
 -1.5363294290316059e+01
  1.4236536801451754e+01
  2.5113122725768996e+01
 -9.7012141620568286e+00
 -1.0759899365001633e+00
  1.5117146005108866e+01
  1.3654294624766660e+01
 -2.1070144830382549e+01
  1.2439866291740751e+01
  4.7593808271467859e+00
 -1.5070399158272769e+01
  2.4391563995012739e+01
 -1.2119992801536441e+01
 -5.5096318965302418e+00
 -2.1478502145849252e+01
  9.3920182595946287e+00
 -2.7560904271577365e-09
 -1.7763633620275371e+01
 -9.7475224908996800e+00
  2.0677157852594597e+01
 -1.4326037240451518e+01
 -1.1777442084840191e+00
 -2.5349196518389920e+01
  9.9121400368252548e+00
  1.4438574973451082e+00
 -1.5445826229240067e+01
 -1.7912025825462390e+01
 -5.2222860016682443e-02
  1.0004066303342253e+01
 -2.1524966815297574e+01
 -1.6922472069321078e+01
  1.6922472047187544e+01
 -1.1650323742880815e+01
 -1.1650323758123017e+01
  1.7910010418650852e+01
  4.1976839573585709e-02
 -1.0834766972042491e+01
  1.7301811477653004e+01
  2.2218729213807968e+01
 -1.6484017322644057e+01
  8.0041005275321471e+00
  1.1348468362530314e+01
 -1.9332982461656233e+01
  1.6890094722467666e+01
 -1.0756447424296448e+01
 -9.4333063786176030e+00
 -1.6922472049310620e+01
 -1.7887375455754594e-08
  9.4152923440724088e+00
 -1.8830584653003960e+01
  1.0012730914706388e+01
  1.3068113804487936e+01
 -1.6184114370906300e+01
  1.6105944174450446e+01
 -1.3944148087770058e+01
  1.5300078302575713e+01
 -1.2548760778948655e+01
 -9.8123046209689999e+00
 -1.7707066055051673e+01
  3.7322690019892799e+00
  7.6461835131351785e+00
 -2.0222526223310823e+01
  1.7564971006155165e+01
 -4.2888997533681135e+00
 -6.8762709342239781e+00
  2.3238514610123246e+01
 -1.7964248674827793e+01
  5.2222831335237911e-02
  1.1520900533860306e+01
 -2.1524966804195824e+01
  1.5785860893457299e+01
  4.3703561004520362e+00
 -1.4318346951013702e+01
  2.0472424752084969e+01
  1.9846888498059087e+01
 -5.8735923933171090e+00
 -2.7803148511572297e-08
  1.9821240257393832e+01
 -2.2218729179761450e+01
  5.7347118536104675e+00
  8.0041005605152673e+00
 -1.9352568895769565e+01
  1.0929635388521241e+01
 -2.0677157873321210e+01
  1.5503781429508006e+01
 -1.1777441936736097e+00
 -9.9121400525124610e+00
  2.5349196535515269e+01
 -1.5445826209965011e+01
  1.4438574787163889e+00
 -4.1976816539442553e-02
 -1.7910010437793666e+01
  1.7301811476997408e+01
 -1.0834766936229784e+01
 -4.2474598601167122e+00
  2.1636705306879730e+01
 -1.9896731610668226e+01
  1.3089253079006427e+01
  2.1070144846303116e+01
 -1.3654294663203036e+01
  4.7593809379915513e+00
  1.2439866195652158e+01
 -1.0851809910419993e+01
 -1.5446204762061768e+01
  1.4236536723938187e+01
 -1.5363294301890042e+01
 -2.5113122810181618e+01
  1.5411908624241274e+01
 -1.0759900237646873e+00
 -1.4041155975771558e+01
 -3.0741389496939812e-09
  1.7114830457409866e+01
 -1.9567481947292855e+01
  9.7837409908438389e+00
 -2.2798141343869016e+01
  8.8029853266055991e+00
  1.0348729376468871e+01
 -2.1292333203874552e+01
  1.5670568981313233e+01
 -1.6311845386005273e+00
 -1.5922181225862918e+01
  2.6900369759965052e+01
  1.6311845076060933e+00
 -1.5670568982475812e+01
  2.6900369767146948e+01
 -1.5922181205321197e+01
 -8.8029853344308044e+00
  2.2798141319486351e+01
 -2.1292333179383991e+01
  1.0348729374593306e+01
 -9.7604388604597148e+00
  2.0550163339066248e+01
 -2.2822475372150826e+01
  8.6673887968358869e+00
  1.0012730814101877e+01
 -2.3080844679174398e+01
  1.6184114399656149e+01
 -7.8170212292947613e-02
 -1.7707066050351866e+01
  1.3974797105651996e+01
 -7.6461835128354085e+00
 -1.2576342716771691e+01
  1.5621211186156879e+01
 -1.9363207866256958e-08
 -1.2562969488581892e+01
  2.5125939115626569e+01
 -2.0550163321278927e+01
  9.7604389292684228e+00
  8.6673887662999967e+00
 -2.2822475379934705e+01
  2.6298014637634342e+01
 -1.5446204784601175e+01
 -1.1267574888642817e+00
  1.5363294290316038e+01
 -7.4158502056158930e+00
 -1.3654294624766667e+01
  1.7199247118887545e+01
 -1.2439866291740776e+01
  2.3080844719194356e+01
 -1.0012730914706403e+01
 -7.8170196455854393e-02
  1.6184114370906322e+01
 -1.3974797053062389e+01
  1.7707066055051669e+01
 -1.2576342710175602e+01
 -7.6461835131351767e+00
  7.4158501831000887e+00
 -2.1070144846303140e+01
  1.7199247133643730e+01
 -4.7593809379915566e+00
  1.5446204762061788e+01
 -2.6298014672481798e+01
  1.5363294301890063e+01
 -1.1267575779518575e+00
