  1.4930091222482081e-03
  1.5151280951537906e-03
  1.5151280954274829e-03
  1.3734325744168621e-03
  1.2679866792823895e-03
  1.2639921270608014e-03
  1.2639921249172842e-03
  1.2679866829544938e-03
  1.3007010733296770e-03
  1.3413444381068394e-03
  1.3485719308699122e-03
  1.2961725015918565e-03
  1.5205829854827678e-03
  1.5172481019942929e-03
  1.3203335108402854e-03
  1.3336760286380232e-03
  1.2710035066339797e-03
  1.3485719313473671e-03
  1.2738931367023473e-03
  1.3204529912462706e-03
  1.3104914911907656e-03
  1.3007010751715222e-03
  1.2932594938133537e-03
  1.3542782978424586e-03
  1.5286042867647884e-03
  1.3204529942017311e-03
  1.3104914915968678e-03
  1.6249497563146833e-03
  1.3254598657388896e-03
  1.2950744093746917e-03
  1.2680553446390366e-03
  1.6111858415020018e-03
  1.3017840677990063e-03
  1.3734325738124550e-03
  1.5690702727323286e-03
  1.3413444376216884e-03
  1.5205829858064585e-03
  1.5172481040919591e-03
  1.3203335104259293e-03
  1.2950744097081593e-03
  1.2961725023950352e-03
  1.2710035073455520e-03
  1.3017840692247078e-03
  1.6249497560510938e-03
  1.3254598659570606e-03
  1.6111858411469275e-03
  1.3336760298247215e-03
  1.5286042873728280e-03
  1.2932594955224162e-03
  1.3542782968745774e-03
  1.4930091222482046e-03
  1.2679866792823886e-03
  1.2639921270608031e-03
  1.2639921249172825e-03
  1.2679866829544955e-03
  1.3007010733296735e-03
  1.3413444381068403e-03
  1.5172481019942886e-03
  1.2738931367023438e-03
  1.3007010751715214e-03
  1.2932594938133554e-03
  1.5286042867647875e-03
  1.3413444376216867e-03
  1.5172481040919596e-03
  1.5286042873728263e-03
  1.2932594955224145e-03
