  2.3457065686109621e-03
  2.3457065660716608e-03
  1.6879858719145186e-03
  1.6879858708954609e-03
  2.9464002445970423e-03
  2.7453989573230581e-03
  2.7453989571428203e-03
  2.3610211464353053e-03
  2.3610211493706608e-03
  2.8062008366198398e-03
  2.8062008372893407e-03
  2.8660336259440210e-03
  2.8660336270013853e-03
  2.3458395303475156e-03
  2.3458395312844077e-03
  2.1378768318807608e-03
  2.2133661366823057e-03
  2.2133661372049137e-03
  3.2547438560728134e-03
  3.2547438573150328e-03
  2.2108876524755453e-03
  2.2108876510833642e-03
  2.8042965030443141e-03
  2.6394810550093312e-03
  2.6394810551420441e-03
  2.8214122308198061e-03
  2.8214122295641985e-03
  1.7293070459899176e-03
  1.7293070459013936e-03
  2.1785940349793274e-03
  2.3326686196662475e-03
  2.3326686208883542e-03
  2.3084826137119993e-03
  2.3084826131322053e-03
  4.9766970741606817e-04
  4.2266222642746285e-04
  4.2133070902026772e-04
                     nan
  4.2266222765149848e-04
  4.3356702444322451e-04
  4.4711481270228007e-04
  5.0574936733142949e-04
  4.2463104556744795e-04
  4.3356702505717377e-04
  4.3108649793778515e-04
  5.0953476225492917e-04
  4.4711481254056221e-04
  5.0574936803065315e-04
  5.0953476245760873e-04
  4.3108649850747148e-04
