  3.7325228056204942e-04
  3.7325228056205115e-04
  3.7325228056204942e-04
  3.7325228056205462e-04
  3.7878202378844878e-04
  3.7878202378844629e-04
  3.7878202378844575e-04
  3.7878202378844651e-04
  3.7878202385687072e-04
  3.7878202385687105e-04
  3.7878202385686812e-04
  3.7878202385687072e-04
  3.4335814360421640e-04
  3.4335814360421553e-04
  3.4335814360421293e-04
  3.4335814360421379e-04
  3.1699666982059737e-04
  3.1699666982059867e-04
  3.1699666982059997e-04
  3.1699666982059737e-04
  3.1599803176520034e-04
  3.1599803176520066e-04
  3.1599803176520034e-04
  3.1599803176520034e-04
  3.1599803122932127e-04
  3.1599803122932084e-04
  3.1599803122932041e-04
  3.1599803122931954e-04
  3.1699667073862431e-04
  3.1699667073862344e-04
  3.1699667073862431e-04
  3.1699667073862084e-04
  3.2517526833242012e-04
  3.2517526833241578e-04
  3.2517526833241665e-04
  3.2517526833241838e-04
  3.3533610952671180e-04
  3.3533610952670920e-04
  3.3533610952671006e-04
  3.3533610952671006e-04
  3.3714298271747718e-04
  3.3714298271747718e-04
  3.3714298271747718e-04
  3.3714298271747718e-04
  3.2404312539796414e-04
  3.2404312539796500e-04
  3.2404312539796414e-04
  3.2404312539796500e-04
  3.8014574637069455e-04
  3.8014574637069309e-04
  3.8014574637068935e-04
  3.8014574637069282e-04
  3.7931202549857041e-04
  3.7931202549857084e-04
  3.7931202549857062e-04
  3.7931202549857474e-04
  3.3008337771007362e-04
  3.3008337771007297e-04
  3.3008337771007232e-04
  3.3008337771007383e-04
  3.3341900715950709e-04
  3.3341900715950557e-04
  3.3341900715950622e-04
  3.3341900715950449e-04
  3.1775087665849590e-04
  3.1775087665849612e-04
  3.1775087665849439e-04
  3.1775087665849460e-04
  3.3714298283684350e-04
  3.3714298283684264e-04
  3.3714298283684004e-04
  3.3714298283684177e-04
  3.1847328417558725e-04
  3.1847328417558725e-04
  3.1847328417558725e-04
  3.1847328417558725e-04
  3.3011324781156721e-04
  3.3011324781156374e-04
  3.3011324781156547e-04
  3.3011324781156634e-04
  3.2762287279769183e-04
  3.2762287279769183e-04
  3.2762287279769226e-04
  3.2762287279769053e-04
  3.2517526879288208e-04
  3.2517526879288251e-04
  3.2517526879288078e-04
  3.2517526879288165e-04
  3.2331487345333689e-04
  3.2331487345333820e-04
  3.2331487345333820e-04
  3.2331487345333993e-04
  3.3856957446061486e-04
  3.3856957446061400e-04
  3.3856957446061356e-04
  3.3856957446061486e-04
  3.8215107169119709e-04
  3.8215107169119709e-04
  3.8215107169119709e-04
  3.8215107169119709e-04
  3.3011324855043277e-04
  3.3011324855043277e-04
  3.3011324855043191e-04
  3.3011324855043364e-04
  3.2762287289921782e-04
  3.2762287289921695e-04
  3.2762287289921652e-04
  3.2762287289921782e-04
  4.0623743907866952e-04
  4.0623743907866865e-04
  4.0623743907867299e-04
  4.0623743907866952e-04
  3.3136496643472024e-04
  3.3136496643472284e-04
  3.3136496643472327e-04
  3.3136496643472501e-04
  3.2376860234367168e-04
  3.2376860234367179e-04
  3.2376860234367190e-04
  3.2376860234367499e-04
  3.1701383615976002e-04
  3.1701383615975742e-04
  3.1701383615975829e-04
  3.1701383615975742e-04
  4.0279646037550174e-04
  4.0279646037550115e-04
  4.0279646037549849e-04
  4.0279646037549974e-04
  3.2544601694975070e-04
  3.2544601694975243e-04
  3.2544601694975070e-04
  3.2544601694975070e-04
  3.4335814345311418e-04
  3.4335814345311418e-04
  3.4335814345311418e-04
  3.4335814345311418e-04
  3.9226756818308361e-04
  3.9226756818308214e-04
  3.9226756818308160e-04
  3.9226756818308301e-04
  3.3533610940542080e-04
  3.3533610940542340e-04
  3.3533610940542167e-04
  3.3533610940542254e-04
  3.8014574645161420e-04
  3.8014574645161246e-04
  3.8014574645160899e-04
  3.8014574645161420e-04
  3.7931202602299271e-04
  3.7931202602299249e-04
  3.7931202602299141e-04
  3.7931202602299119e-04
  3.3008337760648374e-04
  3.3008337760648265e-04
  3.3008337760648244e-04
  3.3008337760648048e-04
  3.2376860242704179e-04
  3.2376860242703826e-04
  3.2376860242703430e-04
  3.2376860242703832e-04
  3.2404312559876055e-04
  3.2404312559875838e-04
  3.2404312559875838e-04
  3.2404312559875816e-04
  3.1775087683638768e-04
  3.1775087683639115e-04
  3.1775087683639071e-04
  3.1775087683638746e-04
  3.2544601730617826e-04
  3.2544601730617826e-04
  3.2544601730617934e-04
  3.2544601730617653e-04
  4.0623743901277432e-04
  4.0623743901277345e-04
  4.0623743901277432e-04
  4.0623743901277258e-04
  3.3136496648926428e-04
  3.3136496648926645e-04
  3.3136496648926775e-04
  3.3136496648926601e-04
  4.0279646028673101e-04
  4.0279646028672998e-04
  4.0279646028673101e-04
  4.0279646028673014e-04
  3.3341900745618124e-04
  3.3341900745617907e-04
  3.3341900745618124e-04
  3.3341900745617777e-04
  3.8215107184320744e-04
  3.8215107184320918e-04
  3.8215107184320831e-04
  3.8215107184320831e-04
  3.2331487388060666e-04
  3.2331487388060579e-04
  3.2331487388060492e-04
  3.2331487388060406e-04
  3.3856957421864609e-04
  3.3856957421864523e-04
  3.3856957421864349e-04
  3.3856957421864523e-04
