  2.5269941556518485e-03
  2.9622498576911648e-03
  2.5069526322040276e-03
  2.5679270135843032e-03
  2.8588913783579809e-03
  1.1848087311809863e-03
  2.0986877453886780e-03
  2.6390796458236540e-03
  1.4312977768944253e-03
  1.0223016741566860e-03
  1.4818438443043765e-03
  1.8657410258417829e-03
  2.0591940621302405e-03
  2.0265292570859923e-03
  2.0564645037879688e-03
  1.8838149661861391e-03
  1.9509051703619816e-03
  2.7689182070837204e-03
  1.1946155369098946e-03
  1.5636840639640243e-03
  1.6219626923662418e-03
  1.8097606975490763e-03
  3.1069352401374185e-03
  2.1708982424292408e-03
  2.0031314565762300e-03
  2.3396462593427668e-03
  2.3126659266181826e-03
  2.2869896116321110e-03
  2.8699971999598638e-03
  2.8915462812815172e-03
  2.2658572686342152e-03
  1.8925565993227287e-03
  1.7708635911498800e-03
  1.7203508062753527e-03
  1.8684251221179997e-03
  1.9073181254934159e-03
  1.1897546798902980e-03
  1.3732848674998625e-03
  1.6913567323693750e-03
  1.6232046586442254e-03
  1.5295164921251426e-03
  1.7750781780054813e-03
  1.6650795759229550e-03
  1.5743465624500057e-03
  1.0382237399651894e-03
  1.0503481436513282e-03
  2.5269941556518485e-03
  2.5269941556518467e-03
  2.5679270135843032e-03
  1.1848087311809863e-03
  1.4312977768944262e-03
  1.0223016741566834e-03
  1.0223016741566860e-03
  2.0564645037879671e-03
  1.9509051703619816e-03
  2.7689182070837204e-03
  1.1946155369098911e-03
  2.8699971999598638e-03
  2.8699971999598659e-03
  2.2658572686342152e-03
  1.8684251221179997e-03
  1.1897546798902980e-03
  1.3732848674998660e-03
  1.3732848674998625e-03
  1.0382237399651894e-03
  1.0503481436513282e-03
