  2.5269941556518480e-03
  4.3840307320544896e-03
  4.5108606065646763e-03
  5.7587707785020353e-03
  2.8699971999598646e-03
  5.2112627576832698e-03
  5.3244933365510227e-03
  4.8787066029249409e-03
  4.3877517394898917e-03
  5.0206243011524229e-03
  3.5350379698990183e-03
  4.3797626978743258e-03
  4.2019511482139669e-03
  3.2995181048286800e-03
  3.4798210079778906e-03
  3.9258340489362192e-03
  4.4059692905071522e-03
  3.6571347163023293e-03
  2.8767156401181995e-03
  2.8292113504410367e-03
  3.3606982790328386e-03
  3.0497793781839458e-03
  3.1594357417854724e-03
  3.2711250047196883e-03
  3.4185991169214426e-03
  2.1296809154688658e-03
  1.0223016741566851e-03
  1.9653548849932405e-03
  2.1075108667152611e-03
  2.0296277374647967e-03
  1.3923812557443452e-03
  2.0850946083629113e-03
  2.2724786090498996e-03
  1.3732848674998638e-03
  8.4233138521728286e-04
  8.4233138521728221e-04
  8.5597567119476776e-04
  3.9493624372699543e-04
  4.7709925896480872e-04
  3.4076722471889444e-04
  3.4076722471889531e-04
  6.8548816792932241e-04
  6.5030172345399392e-04
  9.2297273569457350e-04
  3.9820517896996369e-04
  9.5666573331995455e-04
  9.5666573331995531e-04
  7.5528575621140509e-04
  6.2280837403933323e-04
  3.9658489329676599e-04
  4.5776162249995533e-04
  4.5776162249995420e-04
  3.4607457998839648e-04
  3.5011604788377608e-04
