  0.0000000000000000e+00
 -1.4341206758309569e+01
  1.3796854037127387e+01
 -1.3796854037127387e+01
 -1.1190110664253362e+01
 -1.0438828893793310e+00
  3.0314891626163485e+00
 -1.4801114006273746e+01
  1.0597414775983701e+01
  1.2334664408044962e+00
 -1.1435266542802042e+01
  1.7489200751355412e+01
  0.0000000000000000e+00
 -1.2908429074261415e+01
  1.5083910107326002e+01
 -1.1586914946229777e+01
  6.8401805200253574e-01
  1.1594670568341627e+01
 -1.4469919129443003e+01
  1.0407653861832529e+01
 -2.3413153752674294e+01
  0.0000000000000000e+00
  1.3022546357253669e+01
 -1.8024442519980852e+01
  1.4132382901119678e+01
 -1.5617977777548537e+01
  7.2316266832310996e+00
  8.8662137778870385e+00
 -1.1678967441076647e+01
  1.2419958079462990e+01
 -8.6244130134808827e+00
 -7.0507209712651271e+00
 -2.9011452917336760e+00
  1.8118231380338926e+01
 -1.9280762545455996e+01
  0.0000000000000000e+00
  2.3073136609702942e+01
 -2.3073136609702942e+01
 -2.7150083304446273e-14
  2.1197482964073949e+01
 -1.8719994753342885e+01
  1.5917808259491771e+01
 -3.9992677155816136e+00
 -1.4623823154762508e+01
  1.1673743133565402e+01
  3.5747542804137971e+00
 -1.4791180654715735e+01
  1.8427268329572456e+01
 -1.5140873893877123e+00
 -1.3541696735746930e+01
  1.6406584073004119e+01
 -1.3632275880149221e+01
  1.3983437180306042e+00
  1.3759969865678228e+01
 -1.6523101942966189e+01
  1.3852009018655590e+01
 -4.5223696957658603e+00
  1.7441249072615733e+01
 -1.3940270550076074e+01
  0.0000000000000000e+00
 -1.6457445039816410e+01
  1.1520605212507199e+01
  3.0325902807811129e+00
 -1.8250471056763644e+01
  1.4543123196423895e+01
 -1.1124420012078941e+01
  0.0000000000000000e+00
  1.7622850684382147e+01
  1.2677672075845035e+01
  0.0000000000000000e+00
 -4.1942644316699820e+00
  1.4243619492650787e+01
  0.0000000000000000e+00
  2.2882586004609632e+01
 -1.8290970201121482e+01
  1.0865533019695270e+01
 -2.5850249048589374e-01
 -1.7481723703499028e+01
  1.8168223263975378e+01
 -8.3009956175099120e+00
  1.7540321575583640e+01
 -1.7789535831108903e+01
  4.1825856910684154e+00
  1.3332836409653902e+01
 -1.4377690382909920e+01
  1.5943524175128507e+01
 -6.5529029785071291e+00
 -1.1949294328895368e+01
  1.1298412847733372e+01
 -1.5033678080111263e+01
  8.9560419021054187e+00
  2.3267022545582412e+00
 -5.5962059453269113e+00
  1.9516299956549208e+01
 -1.1039689906307645e+01
 -2.6563549333985250e+00
  1.5335371957053058e+01
 -2.6811720671980677e+00
 -2.7022929232826476e+00
  1.6749153060568663e+01
  7.5997228294006209e+00
  1.0508955397151530e+01
 -1.2835781920652819e+01
  1.0371017756773179e+01
 -1.5649672937934815e+01
  2.3223155780876721e+00
  4.6657160471766383e+00
 -1.4507393817876880e+01
 -5.0744555736975476e+00
 -1.0750918176230309e+01
  1.5327903217179911e+01
 -1.0609804599372625e+01
 -1.3527540879206811e+01
  1.3527540879206791e+01
  0.0000000000000000e+00
 -1.2878630299451610e+01
 -1.3426727663670491e+01
 -2.7267970156156776e+00
  1.2782653052457174e+01
 -1.0282636616686910e+01
  1.3336721620434362e+01
  3.4797689507890617e+00
 -1.3122062047920657e+01
  1.3122062047920657e+01
  1.3393536481943555e+01
 -1.6447690930492222e+01
  1.4867564551144042e+01
  1.4675574849341790e+00
 -7.5372959221594655e+00
  1.7577969398484889e+01
 -1.5390091980885144e+01
 -1.5684074238570607e+00
 -1.9801998165018681e+01
  1.2043392841275017e+01
 -2.9727446867374305e+00
 -1.2869229783808494e+01
 -2.0862851299688842e+01
  1.4360694211792969e+01
  0.0000000000000000e+00
 -1.2826868538033674e+01
 -1.4067858674298094e+01
 -3.7930230809361571e+00
  1.2565309947110775e+01
 -1.5246647501828605e+01
 -2.2573603999649499e+01
  0.0000000000000000e+00
  7.5133774440934946e+00
 -1.8617084950589913e+01
  0.0000000000000000e+00
  2.4824822205551001e+01
 -1.4666389788465487e+01
  1.4666389788465487e+01
  4.2773363739474393e+00
 -2.0156334864673898e+01
  1.7193420274213203e+01
 -1.1908269126134620e+01
  1.6840693883059554e+01
 -1.8206633287998080e+00
 -5.4648331484516879e+00
  1.8881778476628725e+01
 -1.6191178353882663e+00
  1.5165137568716583e+01
 -2.2402457573918504e+01
  7.9275630901352576e+00
 -1.5130066570223144e+01
  1.3734935097927693e+01
 -7.4423133210003058e+00
 -1.1861021454904058e+01
 -1.7401863906467725e+01
  1.7748756515089801e+00
  1.1284628550549799e+01
 -1.8406922545886882e+01
 -3.6714661782959270e+00
 -1.4733304959615703e+01
  1.9636809167361264e+01
 -7.7018229517743064e+00
  2.3482976385678178e+01
 -2.3482976385678178e+01
  2.0976642435668108e+01
 -4.6851970792223446e-01
  0.0000000000000000e+00
  2.3211907133856336e+01
 -2.0508122727745821e+01
  4.6311148008073627e-01
  0.0000000000000000e+00
  1.4341206758309569e+01
 -1.3796854037127387e+01
  1.3796854037127400e+01
 -1.4341206758309578e+01
  0.0000000000000000e+00
  0.0000000000000000e+00
 -1.3796854037127398e+01
 -1.2908429074261415e+01
  0.0000000000000000e+00
  3.4969951610962244e+00
 -1.5083910107326002e+01
  0.0000000000000000e+00
 -2.3413153752674294e+01
  1.8024442519980852e+01
 -5.0018961627271610e+00
 -1.8118231380338916e+01
  1.5217086088605242e+01
  0.0000000000000000e+00
 -1.9280762545455985e+01
 -2.3073136609703003e+01
  2.3073136609702949e+01
  2.7150083304446342e-14
 -2.1197482964073977e+01
  0.0000000000000000e+00
 -2.3073136609702942e+01
  2.1197482964073924e+01
  2.7150083304446273e-14
 -1.7441249072615747e+01
  1.2918879376849883e+01
  0.0000000000000000e+00
 -1.3940270550076086e+01
  3.4187031843449542e+00
 -1.4543123196423895e+01
  1.7622850684382147e+01
  0.0000000000000000e+00
  0.0000000000000000e+00
  1.2677672075845035e+01
 -1.4243619492650787e+01
  1.0049355060980796e+01
  2.2882586004609653e+01
  0.0000000000000000e+00
 -7.4254371814262345e+00
  1.8290970201121535e+01
  1.3527540879206811e+01
 -1.3527540879206791e+01
  0.0000000000000000e+00
  1.2878630299451610e+01
 -1.9341883410908588e-14
  1.3527540879206819e+01
 -1.2878630299451599e+01
 -1.9341883410908588e-14
  1.6816490571223426e+01
 -1.3336721620434362e+01
  0.0000000000000000e+00
  1.3122062047920657e+01
 -6.5021570878958999e+00
  2.0862851299688842e+01
 -1.2826868538033674e+01
  0.0000000000000000e+00
  0.0000000000000000e+00
 -2.2573603999649499e+01
  1.8617084950589913e+01
 -1.1103707506496370e+01
  0.0000000000000000e+00
 -2.4824822205550980e+01
  1.4666389788465450e+01
 -1.4666389788465450e+01
  2.4824822205551001e+01
 -4.0422167712601975e-14
  0.0000000000000000e+00
  1.4666389788465487e+01
  0.0000000000000000e+00
 -2.3482976385678178e+01
  2.0508122727745871e+01
 -2.0976642435668079e+01
  2.3211907133856336e+01
  0.0000000000000000e+00
 -2.0045011247665112e+01
  2.0508122727745821e+01
